{
 "cells": [
  {
   "cell_type": "code",
   "execution_count": 216,
   "metadata": {},
   "outputs": [],
   "source": [
    "import numpy as np\n",
    "import pprint as pp\n",
    "from matplotlib import pyplot as plt\n",
    "import shutil\n",
    "import os\n",
    "import copy\n",
    "from typing import List, Tuple, Dict, Any\n",
    "from IPython.display import clear_output\n",
    "import time"
   ]
  },
  {
   "cell_type": "code",
   "execution_count": 217,
   "metadata": {},
   "outputs": [],
   "source": [
    "FILENAME = 'kroA100.tsp'\n",
    "VISUALIZE = False"
   ]
  },
  {
   "cell_type": "code",
   "execution_count": 218,
   "metadata": {},
   "outputs": [],
   "source": [
    "\n",
    "def read_data_file(file_name: str) -> Dict[Any, Any]:\n",
    "    tsp_data = {}\n",
    "    with open(FILENAME, 'r') as file:\n",
    "        for line in file:\n",
    "            if line.startswith('EOF'):\n",
    "                break\n",
    "            if line.startswith('DIMENSION'):\n",
    "                tsp_data['DIMENSION'] = int(line.split()[1])\n",
    "            parts = line.split()\n",
    "            if parts[0].isdigit():\n",
    "                node, x, y = map(int, parts)\n",
    "                tsp_data[node] = (x, y)\n",
    "\n",
    "    return tsp_data\n",
    "\n",
    "def calculate_distance_matrix(tsp_data: Dict[Any, Any]) -> np.ndarray:\n",
    "    N = tsp_data['DIMENSION']\n",
    "    tsp_data.pop('DIMENSION')\n",
    "\n",
    "    distance_matrix = [[0 for _ in range(N + 1)] for _ in range(N + 1)]\n",
    "    for node in tsp_data:\n",
    "        x1, y1 = tsp_data[node]\n",
    "        for other_node in tsp_data:\n",
    "            if node == other_node:\n",
    "                continue\n",
    "            else:\n",
    "                x2, y2 = tsp_data[other_node]\n",
    "                distance = np.sqrt((x1 - x2)**2 + (y1 - y2)**2)\n",
    "                distance_matrix[node][other_node] = distance\n",
    "                distance_matrix[other_node][node] = distance\n",
    "    return np.array(distance_matrix)\n",
    "\n",
    "def print_distance_matrix(distance_matrix: np.ndarray):\n",
    "    print(distance_matrix)"
   ]
  },
  {
   "cell_type": "code",
   "execution_count": 219,
   "metadata": {},
   "outputs": [
    {
     "name": "stdout",
     "output_type": "stream",
     "text": [
      "[[   0.            0.            0.            0.            0.\n",
      "     0.            0.            0.            0.            0.\n",
      "     0.            0.            0.            0.            0.\n",
      "     0.            0.            0.            0.            0.\n",
      "     0.        ]\n",
      " [   0.            0.         2606.92941983  548.51253404 2009.49446379\n",
      "  1367.89071201 2233.32039797 1130.63035516  580.67977406  515.19704968\n",
      "   582.06872446  721.50190575  262.86498436 2790.40946816 2301.45975416\n",
      "  2489.7654508  2438.90180204 2948.68784377 2589.15372274 3007.5787604\n",
      "   783.17111796]\n",
      " [   0.         2606.92941983    0.         3153.61966635 1013.45202156\n",
      "  3182.53766671  932.0713492  1479.72159544 3056.21105292 2096.84644168\n",
      "  2886.16510269 3328.10156095 2435.42706727  183.96738841  411.69163217\n",
      "   881.85089443  236.10379074  510.9256306   522.55143288  882.33610376\n",
      "  2273.83948422]\n",
      " [   0.          548.51253404 3153.61966635    0.         2514.87773063\n",
      "  1413.26607544 2738.52113375 1678.96426406  369.41169445 1063.53091163\n",
      "   664.68789669  189.70766985  739.43221461 3337.27688393 2840.91270545\n",
      "  2996.22595944 2987.28639404 3496.68099775 3134.84624822 3547.55803335\n",
      "  1203.24768855]\n",
      " [   0.         2009.49446379 1013.45202156 2514.87773063    0.\n",
      "  2976.09358052  223.97321268 1078.88507266 2325.00086021 1572.46812368\n",
      "  2448.6404391  2702.98668143 1777.99043867 1160.5434072   604.69248383\n",
      "   481.41458225 1028.58057536 1521.21661837 1389.51250444 1843.25635765\n",
      "  1990.50872894]\n",
      " [   0.         1367.89071201 3182.53766671 1413.26607544 2976.09358052\n",
      "     0.         3180.46301661 1898.64425314 1742.22386621 1499.724308\n",
      "   805.44956391 1386.17819922 1598.69102706 3344.33999468 3023.75131253\n",
      "  3411.29257027 2958.74922898 3335.2998366  2934.3282025  3208.97257701\n",
      "   985.64293738]\n",
      " [   0.         2233.32039797  932.0713492  2738.52113375  223.97321268\n",
      "  3180.46301661    0.         1281.91458374 2545.38032522 1792.84020481\n",
      "  2668.07271265 2926.72940328 2001.88760923 1054.76300656  553.83120172\n",
      "   257.75181862  997.99498997 1441.97642144 1369.47909805 1799.34710381\n",
      "  2195.88729219]\n",
      " [   0.         1130.63035516 1479.72159544 1678.96426406 1078.88507266\n",
      "  1898.64425314 1281.91458374    0.         1619.80060501  617.60262305\n",
      "  1436.55455866 1850.23782255  984.16106405 1662.51015034 1202.93058819\n",
      "  1516.2773493  1308.3260297  1823.69542413 1478.80086557 1921.31855766\n",
      "   914.06892519]\n",
      " [   0.          580.67977406 3056.21105292  369.41169445 2325.00086021\n",
      "  1742.22386621 2545.38032522 1619.80060501    0.         1042.56846298\n",
      "   952.50249344  516.56751737  636.38746059 3239.91512235 2713.71332311\n",
      "  2801.97733752 2910.89762788 3438.80458881 3098.44638488 3534.58922649\n",
      "  1354.53755946]\n",
      " [   0.          515.19704968 2096.84644168 1063.53091163 1572.46812368\n",
      "  1499.724308   1792.84020481  617.60262305 1042.56846298    0.\n",
      "   876.94925737 1232.82804965  420.03095124 2279.85898687 1805.04986081\n",
      "  2044.12132712 1924.90259494 2433.52665899 2075.76323313 2499.85319569\n",
      "   595.61480841]\n",
      " [   0.          582.06872446 2886.16510269  664.68789669 2448.6404391\n",
      "   805.44956391 2668.07271265 1436.55455866  952.50249344  876.94925737\n",
      "     0.          708.83072732  834.20021578 3064.23448842 2638.35497991\n",
      "  2917.60175487 2689.06712449 3152.99793847 2766.10502331 3132.74991022\n",
      "   669.48114238]\n",
      " [   0.          721.50190575 3328.10156095  189.70766985 2702.98668143\n",
      "  1386.17819922 2926.72940328 1850.23782255  516.56751737 1232.82804965\n",
      "   708.83072732    0.          925.98974076 3511.47262555 3021.26629081\n",
      "  3184.38581205 3157.62331509 3661.70028812 3295.04112266 3700.18445486\n",
      "  1311.86051088]\n",
      " [   0.          262.86498436 2435.42706727  739.43221461 1777.99043867\n",
      "  1598.69102706 2001.88760923  984.16106405  636.38746059  420.03095124\n",
      "   834.20021578  925.98974076    0.         2619.39325035 2108.78472111\n",
      "  2259.38265905 2281.93952593 2805.80291539 2462.37791576 2898.51410209\n",
      "   883.52985235]\n",
      " [   0.         2790.40946816  183.96738841 3337.27688393 1160.5434072\n",
      "  3344.33999468 1054.76300656 1662.51015034 3239.91512235 2279.85898687\n",
      "  3064.23448842 3511.47262555 2619.39325035    0.          572.65871162\n",
      "   965.16786105  385.65917596  410.4789885   564.16309699  828.07306441\n",
      "  2446.41656306]\n",
      " [   0.         2301.45975416  411.69163217 2840.91270545  604.69248383\n",
      "  3023.75131253  553.83120172 1202.93058819 2713.71332311 1805.04986081\n",
      "  2638.35497991 3021.26629081 2108.78472111  572.65871162    0.\n",
      "   585.31102843  444.21278685  916.66842424  815.9865195  1249.61153964\n",
      "  2070.03478232]\n",
      " [   0.         2489.7654508   881.85089443 2996.22595944  481.41458225\n",
      "  3411.29257027  257.75181862 1516.2773493  2801.97733752 2044.12132712\n",
      "  2917.60175487 3184.38581205 2259.38265905  965.16786105  585.31102843\n",
      "     0.         1005.91947988 1372.0655961  1373.05243891 1764.08219763\n",
      "  2429.38778296]\n",
      " [   0.         2438.90180204  236.10379074 2987.28639404 1028.58057536\n",
      "  2958.74922898  997.99498997 1308.3260297  2910.89762788 1924.90259494\n",
      "  2689.06712449 3157.62331509 2281.93952593  385.65917596  444.21278685\n",
      "  1005.91947988    0.          544.45018138  372.08735533  814.82758913\n",
      "  2064.29867025]\n",
      " [   0.         2948.68784377  510.9256306  3496.68099775 1521.21661837\n",
      "  3335.2998366  1441.97642144 1823.69542413 3438.80458881 2433.52665899\n",
      "  3152.99793847 3661.70028812 2805.80291539  410.4789885   916.66842424\n",
      "  1372.0655961   544.45018138    0.          400.98004938  434.21883884\n",
      "  2504.2781395 ]\n",
      " [   0.         2589.15372274  522.55143288 3134.84624822 1389.51250444\n",
      "  2934.3282025  1369.47909805 1478.80086557 3098.44638488 2075.76323313\n",
      "  2766.10502331 3295.04112266 2462.37791576  564.16309699  815.9865195\n",
      "  1373.05243891  372.08735533  400.98004938    0.          474.65039766\n",
      "  2111.84705886]\n",
      " [   0.         3007.5787604   882.33610376 3547.55803335 1843.25635765\n",
      "  3208.97257701 1799.34710381 1921.31855766 3534.58922649 2499.85319569\n",
      "  3132.74991022 3700.18445486 2898.51410209  828.07306441 1249.61153964\n",
      "  1764.08219763  814.82758913  434.21883884  474.65039766    0.\n",
      "  2466.2564749 ]\n",
      " [   0.          783.17111796 2273.83948422 1203.24768855 1990.50872894\n",
      "   985.64293738 2195.88729219  914.06892519 1354.53755946  595.61480841\n",
      "   669.48114238 1311.86051088  883.52985235 2446.41656306 2070.03478232\n",
      "  2429.38778296 2064.29867025 2504.2781395  2111.84705886 2466.2564749\n",
      "     0.        ]]\n"
     ]
    }
   ],
   "source": [
    "data = read_data_file('kroA100.tsp')\n",
    "distance = calculate_distance_matrix(data)\n",
    "print_distance_matrix(distance)"
   ]
  },
  {
   "cell_type": "code",
   "execution_count": 220,
   "metadata": {},
   "outputs": [],
   "source": [
    "def plot_cities(data: Dict[Any, Any]) -> None:\n",
    "    x = []\n",
    "    y = []\n",
    "    for city in data:\n",
    "        x.append(data[city][0])\n",
    "        y.append(data[city][1])\n",
    "    plt.scatter(x, y)\n",
    "    plt.show()\n",
    "\n",
    "\n",
    "def plot_cycles(cycle1: List, cycle2: List, tsp_data: Dict[Any, Any]) -> None:\n",
    "    plt.figure(figsize=(8, 6))\n",
    "\n",
    "    for city in cycle1:\n",
    "        plt.scatter(tsp_data[city][0], tsp_data[city][1], color='red', s=30)\n",
    "        plt.text(tsp_data[city][0], tsp_data[city][1], str(city), fontsize=8, ha='left', va='bottom')\n",
    "\n",
    "    cycle1_x = [tsp_data[city][0] for city in cycle1]\n",
    "    cycle1_y = [tsp_data[city][1] for city in cycle1]\n",
    "    cycle1_x.append(cycle1_x[0])\n",
    "    cycle1_y.append(cycle1_y[0])\n",
    "    plt.plot(cycle1_x, cycle1_y, linestyle='-', color='blue', label='Cycle 1')\n",
    "\n",
    "    for city in cycle2:\n",
    "        plt.scatter(tsp_data[city][0], tsp_data[city][1], color='red', s=30)\n",
    "        plt.text(tsp_data[city][0], tsp_data[city][1], str(city), fontsize=8, ha='left', va='bottom')\n",
    "\n",
    "    cycle2_x = [tsp_data[city][0] for city in cycle2]\n",
    "    cycle2_y = [tsp_data[city][1] for city in cycle2]\n",
    "    cycle2_x.append(cycle2_x[0])\n",
    "    cycle2_y.append(cycle2_y[0])\n",
    "    plt.plot(cycle2_x, cycle2_y, linestyle='-', color='green', label='Cycle 2')\n",
    "\n",
    "    plt.title('Visualization of Cycles')\n",
    "    plt.xlabel('X-coordinate')\n",
    "    plt.ylabel('Y-coordinate')\n",
    "    plt.grid(True)\n",
    "    plt.legend()\n",
    "    plt.savefig('cycles_visualization.png')\n",
    "    plt.show()\n"
   ]
  },
  {
   "cell_type": "code",
   "execution_count": 221,
   "metadata": {},
   "outputs": [],
   "source": [
    "def get_nodes(tsp_data: Dict[Any, Any]) -> np.ndarray:\n",
    "    nodes = []\n",
    "    for node in tsp_data:\n",
    "        if node != 'DIMENSION':\n",
    "            nodes.append(node)\n",
    "    return np.array(nodes)"
   ]
  },
  {
   "cell_type": "code",
   "execution_count": 222,
   "metadata": {},
   "outputs": [
    {
     "data": {
      "text/plain": [
       "array([ 1,  2,  3,  4,  5,  6,  7,  8,  9, 10, 11, 12, 13, 14, 15, 16, 17,\n",
       "       18, 19, 20])"
      ]
     },
     "execution_count": 222,
     "metadata": {},
     "output_type": "execute_result"
    }
   ],
   "source": [
    "get_nodes(data)"
   ]
  },
  {
   "cell_type": "code",
   "execution_count": 223,
   "metadata": {},
   "outputs": [],
   "source": [
    "def random_cycle(nodes) -> Tuple[np.ndarray, np.ndarray]:\n",
    "    nodes = copy.deepcopy(nodes)\n",
    "    np.random.shuffle(nodes)\n",
    "    half = len(nodes) // 2\n",
    "    cycle1 = np.array(nodes[:half])\n",
    "    cycle2 = np.array(nodes[half:])\n",
    "    \n",
    "    return cycle1, cycle2"
   ]
  },
  {
   "cell_type": "code",
   "execution_count": 224,
   "metadata": {},
   "outputs": [],
   "source": [
    "def swap_nodes_between_cycles(cycle1: List, cycle2: List, a_index: int, b_index: int) -> Tuple[np.ndarray, np.ndarray]:\n",
    "    # cycle1 = copy.deepcopy(cycle1)\n",
    "    # cycle2 = copy.deepcopy(cycle2)\n",
    "\n",
    "    tmp = cycle2[b_index]\n",
    "    cycle2[b_index] = cycle1[a_index]\n",
    "    cycle1[a_index] = tmp\n",
    "\n",
    "    return cycle1, cycle2\n",
    "\n",
    "\n",
    "def swap_edge_within_cycle(cycle: List, a_index: int, b_index: int) -> List:\n",
    "    # cycle = copy.deepcopy(cycle)\n",
    "    \n",
    "    b_index = (b_index + 1) % (len(cycle) + 1)\n",
    "    if a_index > b_index:\n",
    "        a_index, b_index = b_index, a_index\n",
    "    cycle[a_index:b_index] = cycle[a_index:b_index][::-1]\n",
    "    return cycle"
   ]
  },
  {
   "cell_type": "code",
   "execution_count": 225,
   "metadata": {},
   "outputs": [],
   "source": [
    "SWAP_NODES_BETWEEN = 2\n",
    "SWAP_EDGES_WITHIN_CYCLE_1 = 0\n",
    "SWAP_EDGES_WITHIN_CYCLE_2 = 1\n",
    "\n",
    "def generate_moves(cycle: List):\n",
    "\n",
    "    moves = []\n",
    "    N = len(cycle)\n",
    "\n",
    "    # generate edges\n",
    "    for i in range(2, N-1):\n",
    "        for j in range(N):\n",
    "            k = (j + i) % (N)\n",
    "            if j < k:\n",
    "                moves.append((SWAP_EDGES_WITHIN_CYCLE_1, (j, k)))\n",
    "\n",
    "    # generate edges\n",
    "    for i in range(2, N-1):\n",
    "        for j in range(N):\n",
    "            k = (j + i) % (N)\n",
    "            if j < k:\n",
    "                moves.append((SWAP_EDGES_WITHIN_CYCLE_2, (j, k)))\n",
    "\n",
    "    # generate nodes\n",
    "    for i in range(N):\n",
    "        for j in range(N):\n",
    "                moves.append((SWAP_NODES_BETWEEN, (i, j)))\n",
    "    \n",
    "    # shuffle moves\n",
    "    np.random.shuffle(moves)\n",
    "    return moves"
   ]
  },
  {
   "cell_type": "code",
   "execution_count": 226,
   "metadata": {},
   "outputs": [],
   "source": [
    "def apply_move(move: Tuple[int, Tuple[int, int]], cycle1: List, cycle2: List) -> Tuple[List, List]:\n",
    "    move_type, (a, b) = move\n",
    "    \n",
    "    if move_type == SWAP_NODES_BETWEEN:\n",
    "        cycle1, cycle2 = swap_nodes_between_cycles(cycle1, cycle2, a, b)\n",
    "\n",
    "    elif move_type == SWAP_EDGES_WITHIN_CYCLE_1:\n",
    "        cycle1 = swap_edge_within_cycle(cycle1, a, b)\n",
    "\n",
    "    elif move_type == SWAP_EDGES_WITHIN_CYCLE_2:\n",
    "        cycle2 = swap_edge_within_cycle(cycle2, a, b)\n",
    "\n",
    "    return cycle1, cycle2"
   ]
  },
  {
   "cell_type": "code",
   "execution_count": 227,
   "metadata": {},
   "outputs": [],
   "source": [
    "def calculate_cycles_length(cycle1: List, cycle2: List, distance_matrix: np.ndarray) -> float:\n",
    "    c = [cycle1, cycle2]\n",
    "    total_length = 0\n",
    "    for cycle in c:\n",
    "        length = 0\n",
    "        for i in range(len(cycle)):\n",
    "            length += distance_matrix[cycle[i-1]][cycle[i]]\n",
    "        total_length += length\n",
    "\n",
    "    return total_length"
   ]
  },
  {
   "cell_type": "code",
   "execution_count": 228,
   "metadata": {},
   "outputs": [],
   "source": [
    "def rank_move(move, cycle1, cycle2):\n",
    "    subdistance_before = 0\n",
    "    subdistance_after = 0\n",
    "\n",
    "    move_type, (A, B) = move\n",
    "\n",
    "    if move_type == SWAP_NODES_BETWEEN:\n",
    "        a = cycle1[A]\n",
    "        b = cycle2[B]\n",
    "\n",
    "        a_prev = cycle1[(A-1) % len(cycle1)]\n",
    "        a_next = cycle1[(A+1) % len(cycle1)]\n",
    "\n",
    "        b_prev = cycle2[(B-1) % len(cycle2)]\n",
    "        b_next = cycle2[(B+1) % len(cycle2)]\n",
    "\n",
    "        subdistance_before += distance[a_prev][a] + distance[a][a_next] + distance[b_prev][b] + distance[b][b_next]\n",
    "        subdistance_after += distance[a_prev][b] + distance[b][a_next] + distance[b_prev][a] + distance[a][b_next]\n",
    "\n",
    "    elif move_type == SWAP_EDGES_WITHIN_CYCLE_1:\n",
    "        a = cycle1[A]\n",
    "        b = cycle1[B]\n",
    "\n",
    "        a_prev = cycle1[(A-1) % len(cycle1)]\n",
    "        b_next = cycle1[(B+1) % len(cycle1)]\n",
    "\n",
    "        subdistance_before += distance[a_prev][a] + distance[b][b_next]\n",
    "        subdistance_after += distance[a_prev][b] + distance[a][b_next]\n",
    "\n",
    "    elif move_type == SWAP_EDGES_WITHIN_CYCLE_2:\n",
    "\n",
    "        a = cycle2[A]\n",
    "        b = cycle2[B]\n",
    "\n",
    "        a_prev = cycle2[(A-1) % len(cycle2)]\n",
    "        b_next = cycle2[(B+1) % len(cycle2)]\n",
    "\n",
    "        subdistance_before += distance[a_prev][a] + distance[b][b_next]\n",
    "        subdistance_after += distance[a_prev][b] + distance[a][b_next]\n",
    "\n",
    "    return subdistance_after - subdistance_before"
   ]
  },
  {
   "cell_type": "code",
   "execution_count": 229,
   "metadata": {},
   "outputs": [],
   "source": [
    "def local_search_steepest(cycle1, cycle2, distance):\n",
    "\n",
    "    moves = generate_moves(cycle1)\n",
    "\n",
    "    while True:\n",
    "\n",
    "        best_move = None\n",
    "        best_delta = 0\n",
    "\n",
    "        for move in moves:\n",
    "\n",
    "            delta = rank_move(move, cycle1, cycle2)\n",
    "            if delta < best_delta:\n",
    "                best_move = move\n",
    "                best_delta = delta\n",
    "                \n",
    "        if best_delta < 0:\n",
    "            cycle1, cycle2 = apply_move(best_move, cycle1, cycle2)\n",
    "            if VISUALIZE:\n",
    "                clear_output(wait=True)\n",
    "                plot_cycles(cycle1, cycle2, data)\n",
    "        elif best_move is None:\n",
    "            break\n",
    "\n",
    "    return cycle1, cycle2\n"
   ]
  },
  {
   "cell_type": "code",
   "execution_count": 230,
   "metadata": {},
   "outputs": [],
   "source": [
    "# random_cycle1, random_cycle2 = random_cycle(get_nodes(data))\n",
    "\n",
    "# print(calculate_cycles_length(random_cycle1, random_cycle2, distance))\n",
    "# plot_cycles(random_cycle1, random_cycle2, data)"
   ]
  },
  {
   "cell_type": "code",
   "execution_count": 231,
   "metadata": {},
   "outputs": [],
   "source": [
    "# c1, c2 = local_search_steepest(random_cycle1, random_cycle2, distance)\n",
    "# plot_cycles(c1, c2, data)\n",
    "# calculate_cycles_length(c1, c2, distance)"
   ]
  },
  {
   "cell_type": "code",
   "execution_count": 232,
   "metadata": {},
   "outputs": [],
   "source": []
  },
  {
   "cell_type": "code",
   "execution_count": 233,
   "metadata": {},
   "outputs": [],
   "source": [
    "def find_city(cycle1, cycle2, node):\n",
    "    out = np.where(cycle1 == node)[0]\n",
    "    if len(out) == 1:\n",
    "        return (True, out[0])\n",
    "    else:\n",
    "        return (False, np.where(cycle2 == node)[0][0])"
   ]
  },
  {
   "cell_type": "code",
   "execution_count": 234,
   "metadata": {},
   "outputs": [],
   "source": [
    "def compute_k_closest_neighbours(distance, k):\n",
    "    dist = distance[1:, 1:]\n",
    "    closest = np.argpartition(dist, k+1, axis=1)[:, :k+1] + 1\n",
    "    zeros = np.zeros(len(closest[0]), dtype=np.uint16)\n",
    "    return np.concatenate(([zeros], closest))\n",
    "\n",
    "def find_city(cycle1, cycle2, node):\n",
    "    out = np.where(cycle1 == node)[0]\n",
    "    if len(out) == 1:\n",
    "        return (True, out[0])\n",
    "    else:\n",
    "        return (False, np.where(cycle2 == node)[0][0])\n",
    "\n",
    "def candidate_moves_algorithm(cycle1, cycle2, distance, k=10):\n",
    "    closest = compute_k_closest_neighbours(distance, k)\n",
    "    num_cities = len(get_nodes(data))\n",
    "    iter = 0\n",
    "\n",
    "    while True:\n",
    "        best_move = None\n",
    "        best_delta = 0\n",
    "\n",
    "        for i in range(1, num_cities+1):\n",
    "            for j in closest[i]:\n",
    "                if i==j:\n",
    "                    continue\n",
    "                i_in_cycle1, pos_i = find_city(cycle1, cycle2, i)\n",
    "                j_in_cycle1, pos_j = find_city(cycle1, cycle2, j)\n",
    "\n",
    "                distance_before_succ = 0\n",
    "                distance_after_succ = 0\n",
    "                distance_after_pred = 0\n",
    "                distance_before_pred = 0\n",
    "\n",
    "                if (i_in_cycle1 and j_in_cycle1):\n",
    "                    pos_i_succ = (pos_i+1)%len(cycle1)\n",
    "                    pos_j_succ = (pos_j+1)%len(cycle1)\n",
    "\n",
    "                    pos_i_pred = (pos_i-1)%len(cycle1)\n",
    "                    pos_j_pred = (pos_j-1)%len(cycle1)\n",
    "\n",
    "                    distance_before_succ = distance[i][cycle1[pos_i_succ]] + distance[j][cycle1[pos_j_succ]] # wariant 1\n",
    "                    distance_after_succ = distance[i][j] + distance[cycle1[pos_i_succ]][cycle1[pos_j_succ]]\n",
    "\n",
    "                    distance_before_pred = distance[i][cycle1[pos_i_pred]] + distance[j][cycle1[pos_j_pred]] # wariant 2\n",
    "                    distance_after_pred = distance[i][j] + distance[cycle1[pos_i_pred]][cycle1[pos_j_pred]]\n",
    "\n",
    "                elif (i_in_cycle1 is False and j_in_cycle1 is False):\n",
    "                    pos_i_succ = (pos_i+1)%len(cycle2)\n",
    "                    pos_j_succ = (pos_j+1)%len(cycle2)\n",
    "\n",
    "                    pos_i_pred = (pos_i-1)%len(cycle2)\n",
    "                    pos_j_pred = (pos_j-1)%len(cycle2)\n",
    "\n",
    "                    distance_before_succ = distance[i][cycle2[pos_i_succ]] + distance[j][cycle2[pos_j_succ]]\n",
    "                    distance_after_succ = distance[i][j] + distance[cycle2[pos_i_succ]][cycle2[pos_j_succ]]\n",
    "\n",
    "                    distance_before_pred = distance[i][cycle2[pos_i_pred]] + distance[j][cycle2[pos_j_pred]]\n",
    "                    distance_after_pred = distance[i][j] + distance[cycle2[pos_i_pred]][cycle2[pos_j_pred]]\n",
    "\n",
    "\n",
    "                delta_succ = distance_after_succ - distance_before_succ\n",
    "                delta_pred = distance_after_pred - distance_before_pred\n",
    "                \n",
    "                delta = min(delta_pred, delta_succ)\n",
    "                which_delta = np.argmin([delta_succ, delta_pred])\n",
    "\n",
    "                if best_delta > delta:\n",
    "                    best_delta = delta\n",
    "                    \n",
    "                    if which_delta == 0:\n",
    "                        pos = (pos_i_succ, pos_j)\n",
    "                    elif which_delta == 1:\n",
    "                        pos = (pos_i, pos_j_pred)\n",
    "                        \n",
    "                    if (i_in_cycle1 and j_in_cycle1):\n",
    "                        best_move = (SWAP_EDGES_WITHIN_CYCLE_1, pos)\n",
    "                    elif (i_in_cycle1 is False and j_in_cycle1 is False):\n",
    "                        best_move = (SWAP_EDGES_WITHIN_CYCLE_2, pos)\n",
    "                        \n",
    "        if best_move is None:\n",
    "            break\n",
    "\n",
    "        cycle1, cycle2 = apply_move(best_move, cycle1, cycle2)\n",
    "        if VISUALIZE:\n",
    "            clear_output(wait=True)\n",
    "            plot_cycles(cycle1, cycle2, data)\n",
    "        iter += 1\n",
    "    \n",
    "    return cycle1, cycle2"
   ]
  },
  {
   "cell_type": "code",
   "execution_count": 235,
   "metadata": {},
   "outputs": [],
   "source": [
    "# random_cycle1, random_cycle2 = random_cycle(get_nodes(data))\n",
    "# plot_cycles(random_cycle1, random_cycle2, data)"
   ]
  },
  {
   "cell_type": "code",
   "execution_count": 236,
   "metadata": {},
   "outputs": [],
   "source": [
    "# c1, c2 = candidate_moves_algorithm(random_cycle1, random_cycle2, distance, 10, data)\n",
    "# calculate_cycles_length(c1, c2, distance)\n",
    "# plot_cycles(c1, c2, data)"
   ]
  },
  {
   "cell_type": "code",
   "execution_count": 237,
   "metadata": {},
   "outputs": [],
   "source": [
    "def generate_cache_moves(cycle, move_type):\n",
    "    edges = []\n",
    "    combinations = []\n",
    "    for i in range(len(cycle)):\n",
    "        j = (i + 1) % len(cycle)\n",
    "        edges.append(((cycle[i], cycle[j]), (i, j)))\n",
    "\n",
    "    for i in range(len(edges)):\n",
    "        for j in range(len(edges)):\n",
    "            if i == j:\n",
    "                continue\n",
    "            (a, b), coords_0 = edges[i]\n",
    "            (c, d), coords_1 = edges[j]\n",
    "            if a == c or a == d or b == c or b == d:\n",
    "                continue\n",
    "            move = (move_type, (coords_0[1], coords_1[0]))\n",
    "            combinations.append(((a,b), (c,d), move))\n",
    "\n",
    "    return combinations\n",
    "\n",
    "def rank_move_coords(move_with_coords, distance):\n",
    "    (a, b), (c, d), move = move_with_coords\n",
    "    distance_before = distance[a][b] + distance[c][d]\n",
    "    distance_after = distance[a][c] + distance[b][d]\n",
    "    rank = distance_after - distance_before\n",
    "    return (a, b), (c, d), move, rank\n",
    "\n",
    "def rank_moves(moves_with_coords):\n",
    "    moves_with_coords = [move for move in (rank_move_coords(move_with_coords, distance) for move_with_coords in moves_with_coords) if move[3] < 0]\n",
    "    moves_with_coords.sort(key=lambda x: x[3])\n",
    "    return moves_with_coords\n",
    "\n",
    "def generate_all_cache_moves(cycle1, cycle2):\n",
    "    moves = []\n",
    "    moves.extend(generate_cache_moves(cycle1, SWAP_EDGES_WITHIN_CYCLE_1))\n",
    "    moves.extend(generate_cache_moves(cycle2, SWAP_EDGES_WITHIN_CYCLE_2))\n",
    "    return rank_moves(moves)"
   ]
  },
  {
   "cell_type": "code",
   "execution_count": 238,
   "metadata": {},
   "outputs": [],
   "source": [
    "def generate_cache_moves(cycle, move_type):\n",
    "    edges = []\n",
    "    combinations = []\n",
    "    for i in range(len(cycle)):\n",
    "        j = (i + 1) % len(cycle)\n",
    "        edges.append(((cycle[i], cycle[j]), (i, j)))\n",
    "\n",
    "    for i in range(len(edges)):\n",
    "        for j in range(len(edges)):\n",
    "            if i == j:\n",
    "                continue\n",
    "            (a, b), coords_0 = edges[i]\n",
    "            (c, d), coords_1 = edges[j]\n",
    "            if a == c or a == d or b == c or b == d:\n",
    "                continue\n",
    "            move = (move_type, (coords_0[1], coords_1[0]))\n",
    "            combinations.append(((a,b), (c,d), move))\n",
    "\n",
    "    return combinations\n",
    "\n",
    "def rank_move_coords(move_with_coords, distance):\n",
    "    (a, b), (c, d), move = move_with_coords\n",
    "    distance_before = distance[a][b] + distance[c][d]\n",
    "    distance_after = distance[a][c] + distance[b][d]\n",
    "    rank = distance_after - distance_before\n",
    "    return (a, b), (c, d), move, rank\n",
    "\n",
    "def rank_moves(moves_with_coords):\n",
    "    moves_with_coords = [move for move in (rank_move_coords(move_with_coords, distance) for move_with_coords in moves_with_coords) if move[3] < 0]\n",
    "    moves_with_coords.sort(key=lambda x: x[3])\n",
    "    return moves_with_coords\n",
    "\n",
    "def generate_all_cache_moves(cycle1, cycle2):\n",
    "    moves = []\n",
    "    moves.extend(generate_cache_moves(cycle1, SWAP_EDGES_WITHIN_CYCLE_1))\n",
    "    moves.extend(generate_cache_moves(cycle2, SWAP_EDGES_WITHIN_CYCLE_2))\n",
    "    return rank_moves(moves)\n",
    "\n",
    "def find_edge_in_cycle(edge, cycle):\n",
    "    for i in range(len(cycle)):\n",
    "        j = (i+1) % len(cycle)\n",
    "        if cycle[i] == edge[0] and cycle[j] == edge[1]:\n",
    "            return (i, j)\n",
    "    return (None, None)\n",
    "\n",
    "def find_edges_in_cycle(edge1, edge2, cycle):\n",
    "    e1_coords = find_edge_in_cycle(edge1, cycle)\n",
    "    if e1_coords[0] is not None:\n",
    "        e2_coords = find_edge_in_cycle(edge2, cycle)\n",
    "        if e2_coords[0] is not None:\n",
    "            return (e1_coords[1], e2_coords[0])\n",
    "    return None\n",
    "\n",
    "def remove_marked(moves, banned_edges):\n",
    "    return [m for m in moves if m[0] not in banned_edges and m[1] not in banned_edges]\n",
    "\n",
    "def create_new_moves(cycle, allowed_edges, move_type):\n",
    "    edges = []\n",
    "    combinations = []\n",
    "    for i in range(len(cycle)):\n",
    "        j = (i + 1) % len(cycle)\n",
    "        edges.append(((cycle[i], cycle[j]), (i, j)))\n",
    "    \n",
    "    for i in range(len(edges)):\n",
    "        for j in range(len(edges)):\n",
    "            print\n",
    "            if i == j:\n",
    "                continue\n",
    "            if edges[i][0] in allowed_edges or edges[j][0] in allowed_edges:\n",
    "                (a, b), coords_0 = edges[i]\n",
    "                (c, d), coords_1 = edges[j]\n",
    "                if a == c or a == d or b == c or b == d:\n",
    "                    continue\n",
    "                move = (move_type, (coords_0[1], coords_1[0]))\n",
    "                combinations.append(((a,b), (c,d), move))\n",
    "\n",
    "    ranked_combinations = rank_moves(combinations)\n",
    "    return ranked_combinations\n",
    "    \n",
    "    \n",
    "def generate_all_new_moves(banned_edges, cycle1, cycle2):\n",
    "    moves = []\n",
    "    moves.extend(create_new_moves(cycle1, banned_edges, SWAP_EDGES_WITHIN_CYCLE_1))\n",
    "    moves.extend(create_new_moves(cycle2, banned_edges, SWAP_EDGES_WITHIN_CYCLE_2))\n",
    "    moves = list(filter(lambda x: x[3] < 0, moves))\n",
    "    return moves\n",
    "\n",
    "\n",
    "def cache_moves_algorithm(cycle1, cycle2, data):\n",
    "    ranked_moves = generate_all_cache_moves(cycle1, cycle2)\n",
    "    \n",
    "    while True:\n",
    "  \n",
    "        appliable_move = None\n",
    "        banned_edges = set()\n",
    "        allowed_edges = set()\n",
    "\n",
    "        for ranked_move in ranked_moves:\n",
    "            (a, b), (c, d), move, _ = ranked_move\n",
    "            move_type, (_, _) = move\n",
    "\n",
    "            edges_in_c1, edges_in_c2 = None, None\n",
    "\n",
    "            if move_type == SWAP_EDGES_WITHIN_CYCLE_1:\n",
    "                edges_in_c1 = find_edges_in_cycle((a, b), (c, d), cycle1)\n",
    "            \n",
    "\n",
    "            if move_type == SWAP_EDGES_WITHIN_CYCLE_2: \n",
    "                edges_in_c2 = find_edges_in_cycle((a, b), (c, d), cycle2)\n",
    "            \n",
    "\n",
    "            if edges_in_c1 is not None:\n",
    "                # print(f\"Edges in cycle 1: {a} {b} {c} {d}\")\n",
    "                appliable_move = (move_type, edges_in_c1)\n",
    "                banned_edges.add((a, b))\n",
    "                banned_edges.add((c, d))\n",
    "                allowed_edges.add((a, c))\n",
    "                allowed_edges.add((b, d))\n",
    "                break\n",
    "\n",
    "            if edges_in_c2 is not None:\n",
    "                # print(f\"Edges in cycle 2: {a} {b} {c} {d}\")\n",
    "                appliable_move = (move_type, edges_in_c2)\n",
    "                banned_edges.add((a, b))\n",
    "                banned_edges.add((c, d))\n",
    "                allowed_edges.add((a, c))\n",
    "                allowed_edges.add((b, d))\n",
    "                break\n",
    "\n",
    "        if appliable_move is None:\n",
    "            break\n",
    "        else:\n",
    "            cycle1, cycle2 = apply_move(appliable_move, cycle1, cycle2)\n",
    "\n",
    "        if VISUALIZE:\n",
    "            clear_output(wait=True)\n",
    "            plot_cycles(cycle2, cycle1, data)\n",
    "        \n",
    "        ranked_moves = remove_marked(ranked_moves, banned_edges)\n",
    "        new = generate_all_new_moves(allowed_edges, cycle1, cycle2)\n",
    "        ranked_moves.extend(new)\n",
    "        ranked_moves.sort(key=lambda x: x[3])\n",
    "\n",
    "    return cycle1, cycle2\n",
    "\n",
    "        "
   ]
  },
  {
   "cell_type": "code",
   "execution_count": 239,
   "metadata": {},
   "outputs": [],
   "source": [
    "# random_cycle1, random_cycle2 = random_cycle(get_nodes(data))\n",
    "# plot_cycles(random_cycle1, random_cycle2, data)\n",
    "# calculate_cycles_length(random_cycle1, random_cycle2, distance)"
   ]
  },
  {
   "cell_type": "code",
   "execution_count": 240,
   "metadata": {},
   "outputs": [],
   "source": [
    "# c1, c2 = cache_moves_algorithm(random_cycle1, random_cycle2, data)\n",
    "# calculate_cycles_length(c1, c2, distance)\n",
    "# plot_cycles(c1, c2, data)"
   ]
  },
  {
   "cell_type": "code",
   "execution_count": 246,
   "metadata": {},
   "outputs": [
    {
     "data": {
