{
 "cells": [
  {
   "cell_type": "code",
   "execution_count": 661,
   "metadata": {},
   "outputs": [],
   "source": [
    "import numpy as np\n",
    "import pprint as pp\n",
    "from matplotlib import pyplot as plt\n",
    "import shutil\n",
    "import os\n",
    "import copy\n",
    "from IPython.display import clear_output"
   ]
  },
  {
   "cell_type": "code",
   "execution_count": 662,
   "metadata": {},
   "outputs": [],
   "source": [
    "FILENAME = 'kroB200.tsp'"
   ]
  },
  {
   "cell_type": "code",
   "execution_count": 663,
   "metadata": {},
   "outputs": [],
   "source": [
    "\n",
    "def read_data_file(file_name):\n",
    "    tsp_data = {}\n",
    "    with open(FILENAME, 'r') as file:\n",
    "        for line in file:\n",
    "            if line.startswith('EOF'):\n",
    "                break\n",
    "            if line.startswith('DIMENSION'):\n",
    "                tsp_data['DIMENSION'] = int(line.split()[1])\n",
    "            parts = line.split()\n",
    "            if parts[0].isdigit():\n",
    "                node, x, y = map(int, parts)\n",
    "                tsp_data[node] = (x, y)\n",
    "\n",
    "    return tsp_data\n",
    "\n",
    "def calculate_distance_matrix(tsp_data):\n",
    "    N = tsp_data['DIMENSION']\n",
    "    tsp_data.pop('DIMENSION')\n",
    "\n",
    "    distance_matrix = [[0 for _ in range(N + 1)] for _ in range(N + 1)]\n",
    "    for node in tsp_data:\n",
    "        x1, y1 = tsp_data[node]\n",
    "        for other_node in tsp_data:\n",
    "            if node == other_node:\n",
    "                continue\n",
    "            else:\n",
    "                x2, y2 = tsp_data[other_node]\n",
    "                distance = np.sqrt((x1 - x2)**2 + (y1 - y2)**2)\n",
    "                distance = round(distance, 2)\n",
    "                distance_matrix[node][other_node] = distance\n",
    "                distance_matrix[other_node][node] = distance\n",
    "    return distance_matrix\n",
    "\n",
    "def print_distance_matrix(distance_matrix):\n",
    "    for row in distance_matrix:\n",
    "        print(row)"
   ]
  },
  {
   "cell_type": "code",
   "execution_count": 664,
   "metadata": {},
   "outputs": [
    {
     "name": "stdout",
     "output_type": "stream",
     "text": [
      "[0, 0, 0, 0, 0, 0, 0, 0, 0, 0, 0, 0, 0, 0, 0, 0, 0, 0, 0, 0, 0, 0, 0, 0, 0, 0, 0, 0, 0, 0, 0, 0, 0, 0, 0, 0, 0, 0, 0, 0, 0, 0, 0, 0, 0, 0, 0, 0, 0, 0, 0, 0, 0, 0, 0, 0, 0, 0, 0, 0, 0, 0, 0, 0, 0, 0, 0, 0, 0, 0, 0, 0, 0, 0, 0, 0, 0, 0, 0, 0, 0, 0, 0, 0, 0, 0, 0, 0, 0, 0, 0, 0, 0, 0, 0, 0, 0, 0, 0, 0, 0, 0, 0, 0, 0, 0, 0, 0, 0, 0, 0, 0, 0, 0, 0, 0, 0, 0, 0, 0, 0, 0, 0, 0, 0, 0, 0, 0, 0, 0, 0, 0, 0, 0, 0, 0, 0, 0, 0, 0, 0, 0, 0, 0, 0, 0, 0, 0, 0, 0, 0, 0, 0, 0, 0, 0, 0, 0, 0, 0, 0, 0, 0, 0, 0, 0, 0, 0, 0, 0, 0, 0, 0, 0, 0, 0, 0, 0, 0, 0, 0, 0, 0, 0, 0, 0, 0, 0, 0, 0, 0, 0, 0, 0, 0, 0, 0, 0, 0, 0, 0]\n",
      "[0, 0, 2606.93, 548.51, 2009.49, 1367.89, 2233.32, 1130.63, 580.68, 515.2, 582.07, 721.5, 262.86, 2790.41, 2301.46, 2489.77, 2438.9, 2948.69, 2589.15, 3007.58, 783.17, 258.09, 1980.49, 1987.9, 2459.22, 526.54, 1184.12, 661.79, 814.32, 492.32, 881.46, 3069.99, 439.72, 2432.88, 838.3, 843.98, 2910.25, 1129.45, 698.55, 1123.95, 1099.94, 3098.67, 2516.9, 1673.26, 3350.02, 2850.51, 477.25, 1487.58, 2963.02, 655.4, 1988.57, 3164.46, 1417.39, 1002.9, 1437.23, 2039.98, 1298.84, 1008.48, 1176.55, 592.08, 1414.33, 809.65, 1258.22, 2953.18, 2358.79, 1227.26, 1534.85, 1426.98, 651.92, 1034.23, 1191.65, 438.55, 1044.84, 838.6, 1359.07, 939.99, 674.08, 2349.46, 2795.83, 1315.72, 821.65, 1472.16, 2579.43, 2065.31, 1155.77, 772.91, 629.5, 1627.73, 1867.11, 1718.82, 149.5, 792.12, 3020.11, 765.21, 965.55, 95.96, 2882.76, 737.11, 229.48, 617.82, 1248.57, 1146.21, 3161.66, 2228.7, 2050.48, 2469.66, 2168.22, 432.14, 478.82, 2600.12, 2677.83, 825.25, 2633.88, 1361.9, 1550.8, 1284.98, 1492.28, 1048.31, 2041.32, 2970.34, 2365.0, 2762.38, 799.46, 400.96, 1183.87, 2331.41, 2917.95, 1147.17, 2799.17, 793.62, 3183.49, 1172.49, 1336.63, 1550.84, 790.78, 2935.48, 552.53, 2910.04, 625.14, 1616.9, 2164.0, 1286.48, 489.43, 1807.68, 2187.29, 1442.78, 500.0, 2608.86, 3262.53, 1171.9, 1074.83, 3003.97, 537.11, 2381.18, 1546.14, 2771.17, 2999.68, 1090.53, 699.82, 2008.02, 2376.5, 325.51, 2739.61, 1445.55, 1829.15, 1383.37, 542.76, 516.42, 1546.07, 1004.89, 1012.72, 1911.28, 938.94, 1553.01, 181.16, 549.85, 801.59, 1685.92, 1161.37, 1396.74, 935.89, 793.58, 2064.21, 2191.6, 1191.86, 1901.6, 1444.97, 2925.06, 1276.6, 863.02, 998.72, 1552.61, 3003.59, 2196.24, 1158.35, 3062.85, 1472.05, 1395.31, 1239.76, 1231.55, 3117.49]\n",
      "[0, 2606.93, 0, 3153.62, 1013.45, 3182.54, 932.07, 1479.72, 3056.21, 2096.85, 2886.17, 3328.1, 2435.43, 183.97, 411.69, 881.85, 236.1, 510.93, 522.55, 882.34, 2273.84, 2578.47, 1244.03, 1287.07, 608.47, 2091.02, 2700.63, 1987.91, 3367.45, 2958.18, 2436.62, 553.64, 2797.62, 707.0, 1768.99, 2031.98, 604.2, 1803.82, 2291.3, 3317.74, 3187.12, 664.82, 216.95, 936.4, 1093.46, 531.18, 2148.35, 2039.83, 505.17, 2546.69, 673.03, 940.71, 1227.52, 3354.73, 1296.17, 888.22, 2637.28, 1620.23, 1445.01, 2907.1, 1253.51, 1976.71, 2881.48, 394.32, 464.66, 2070.37, 1433.63, 3389.17, 2826.45, 2695.54, 3424.84, 2247.66, 1801.75, 3362.15, 1347.86, 2440.73, 3046.3, 488.67, 259.01, 2230.85, 2279.9, 2318.36, 457.05, 800.23, 1456.93, 3321.79, 2543.68, 1118.05, 1282.62, 906.89, 2511.65, 3325.89, 830.72, 3370.41, 1716.61, 2693.57, 742.24, 3188.22, 2621.39, 3074.83, 2661.17, 2564.37, 895.9, 473.17, 1021.77, 446.79, 456.33, 2478.2, 2428.36, 65.01, 262.64, 2926.15, 926.12, 2295.91, 1258.32, 1553.76, 1176.1, 3101.99, 570.45, 741.75, 316.8, 585.23, 3365.85, 2776.01, 2159.98, 349.49, 315.27, 2214.23, 902.66, 3329.04, 1060.97, 1683.97, 3123.95, 1329.37, 2474.99, 1031.04, 2941.29, 794.82, 2519.06, 1406.41, 474.41, 1911.52, 2979.53, 1082.75, 932.12, 1493.68, 2184.46, 697.0, 859.84, 3418.17, 2609.32, 873.5, 2348.94, 660.73, 1263.56, 172.63, 702.84, 1896.63, 3297.42, 629.05, 857.47, 2323.19, 765.98, 1285.98, 859.87, 1319.63, 2473.93, 2823.01, 1276.08, 1668.31, 3331.4, 1209.56, 2023.28, 1556.19, 2495.28, 2808.42, 1871.4, 1104.9, 1621.48, 2230.44, 1744.91, 2425.35, 729.18, 455.5, 1856.17, 708.82, 1167.52, 321.01, 2190.47, 3106.58, 3090.89, 1267.67, 539.28, 1081.09, 3042.18, 673.87, 1135.68, 3334.32, 3442.17, 1643.61, 933.36]\n",
      "[0, 548.51, 3153.62, 0, 2514.88, 1413.27, 2738.52, 1678.96, 369.41, 1063.53, 664.69, 189.71, 739.43, 3337.28, 2840.91, 2996.23, 2987.29, 3496.68, 3134.85, 3547.56, 1203.25, 661.37, 2496.9, 2500.31, 3003.09, 1073.96, 1416.94, 1186.0, 343.96, 385.18, 1225.4, 3609.49, 527.77, 2952.13, 1386.1, 1291.6, 3456.44, 1627.88, 1127.84, 1020.68, 1077.04, 3646.1, 3059.15, 2221.13, 3890.69, 3397.41, 1022.32, 1908.88, 3500.49, 973.84, 2536.92, 3683.83, 1964.99, 810.7, 1977.83, 2579.17, 1559.6, 1545.62, 1724.93, 570.35, 1946.15, 1286.82, 1422.53, 3495.95, 2893.62, 1656.04, 2018.44, 1382.73, 792.08, 1263.8, 1039.81, 935.99, 1555.31, 497.4, 1882.19, 1277.45, 525.22, 2896.61, 3344.21, 1699.01, 1233.2, 1829.76, 3112.01, 2588.27, 1704.24, 409.7, 953.3, 2150.88, 2383.61, 2260.86, 664.23, 359.3, 3562.09, 241.92, 1485.09, 460.05, 3425.21, 450.57, 571.11, 403.11, 1498.97, 1430.02, 3704.49, 2777.03, 2581.71, 3016.81, 2716.43, 790.27, 899.21, 3145.66, 3218.53, 912.66, 3137.9, 1726.73, 2061.82, 1808.66, 2038.76, 1065.64, 2586.63, 3514.11, 2906.92, 3290.34, 389.97, 584.28, 1593.11, 2872.98, 3463.75, 1544.19, 3308.03, 357.66, 3720.63, 1654.49, 1403.7, 2050.33, 1127.62, 3467.76, 485.39, 3451.27, 962.97, 2132.55, 2712.44, 1746.29, 433.24, 2343.24, 2720.95, 1925.86, 1025.41, 3128.54, 3808.63, 1015.84, 1341.27, 3544.19, 980.55, 2923.98, 2081.63, 3318.56, 3527.62, 1530.21, 162.2, 2556.53, 2911.82, 841.06, 3279.58, 1986.45, 2376.36, 1907.82, 921.36, 574.27, 2054.81, 1546.39, 847.27, 2432.73, 1367.73, 2053.79, 668.0, 621.25, 1319.8, 2225.96, 1660.84, 1777.54, 1455.08, 1151.72, 2593.29, 2740.09, 1672.21, 2449.4, 1989.11, 3471.02, 1672.11, 823.66, 1010.86, 2087.25, 3551.71, 2720.77, 1233.06, 3595.02, 2018.08, 1371.02, 1097.0, 1713.09, 3658.01]\n",
      "[0, 2009.49, 1013.45, 2514.88, 0, 2976.09, 223.97, 1078.89, 2325.0, 1572.47, 2448.64, 2702.99, 1777.99, 1160.54, 604.69, 481.41, 1028.58, 1521.22, 1389.51, 1843.26, 1990.51, 2076.17, 1621.97, 1667.45, 1375.18, 1581.09, 2538.5, 1348.75, 2652.13, 2235.45, 2190.81, 1230.94, 2063.15, 464.7, 1271.53, 1244.0, 1591.8, 1660.09, 1969.26, 2966.85, 2870.97, 1677.81, 811.47, 792.32, 2096.81, 1515.36, 1642.46, 2096.47, 1106.52, 2199.69, 943.51, 1179.55, 1046.98, 2932.6, 1225.68, 1307.14, 2532.24, 1039.11, 1105.07, 2137.99, 652.1, 1230.57, 2710.26, 1179.65, 559.36, 1999.51, 519.87, 3142.41, 2432.12, 2475.6, 3063.19, 1582.21, 1598.26, 2840.94, 666.51, 2218.88, 2275.62, 1183.09, 1272.44, 2190.8, 2014.43, 2335.94, 706.23, 221.05, 1077.05, 2780.46, 2186.74, 420.02, 1584.46, 583.13, 1962.73, 2600.03, 1805.66, 2752.56, 1045.54, 2076.69, 1692.03, 2431.72, 1944.94, 2333.33, 2531.82, 2410.79, 1893.36, 1024.9, 1454.28, 1249.12, 869.39, 1746.65, 2014.25, 963.82, 905.06, 2575.18, 624.47, 2268.99, 459.76, 1458.25, 1073.46, 2791.05, 661.04, 1719.9, 699.47, 830.53, 2808.95, 2295.41, 2065.0, 670.08, 1224.8, 2099.43, 793.24, 2604.02, 2035.73, 868.23, 2921.77, 465.39, 2188.64, 1935.15, 2191.55, 1742.61, 2162.42, 1539.13, 905.43, 1871.75, 2466.92, 1318.48, 1468.15, 606.98, 1729.99, 634.92, 1873.05, 3050.08, 2420.12, 1835.14, 1955.88, 1364.29, 1299.61, 1171.36, 1057.01, 1039.42, 2633.42, 884.01, 1528.93, 1686.83, 1652.51, 1218.72, 1016.15, 647.32, 2086.53, 2066.68, 463.49, 1352.2, 2924.2, 1541.39, 1195.47, 1658.82, 1854.42, 2040.08, 1208.1, 1222.17, 854.05, 2226.44, 1074.78, 2143.71, 308.65, 929.59, 1759.55, 767.39, 761.43, 1235.82, 2136.38, 2717.23, 2763.12, 1312.13, 1552.46, 1609.52, 2792.09, 1147.52, 789.46, 3092.52, 3095.63, 812.0, 1914.83]\n",
      "[0, 1367.89, 3182.54, 1413.27, 2976.09, 0, 3180.46, 1898.64, 1742.22, 1499.72, 805.45, 1386.18, 1598.69, 3344.34, 3023.75, 3411.29, 2958.75, 3335.3, 2934.33, 3208.97, 985.64, 1130.69, 2083.77, 2060.1, 2781.24, 1478.62, 483.76, 1791.23, 1732.56, 1706.31, 786.3, 3726.6, 1752.31, 3295.36, 1728.98, 2096.23, 3235.88, 1387.73, 1012.98, 465.15, 345.65, 3447.63, 3183.01, 2335.63, 3534.13, 3202.14, 1427.13, 1223.1, 3649.46, 816.63, 2512.43, 3976.54, 2017.03, 699.12, 1900.04, 2350.36, 578.01, 1971.14, 1882.03, 1875.72, 2325.02, 2021.25, 305.76, 3575.11, 3120.6, 1118.28, 2624.76, 228.85, 716.26, 503.02, 530.73, 1701.79, 1413.2, 1029.01, 2329.83, 763.83, 1892.34, 2763.59, 3280.33, 984.59, 962.18, 969.28, 3340.45, 2941.04, 1903.18, 1090.81, 837.07, 2556.12, 1994.84, 2486.79, 1282.81, 1763.94, 3251.06, 1368.35, 2031.31, 1394.37, 3133.91, 1857.07, 1592.38, 1782.8, 536.81, 619.2, 3395.19, 2715.91, 2268.53, 2868.99, 2734.87, 1794.93, 1038.27, 3203.39, 3349.87, 545.09, 3556.01, 939.15, 2547.02, 1635.44, 2040.28, 348.04, 2712.46, 3237.04, 3050.69, 3544.39, 1152.2, 974.17, 1025.99, 3025.31, 3488.13, 969.52, 3688.67, 1761.39, 3331.84, 2313.51, 58.69, 2590.18, 790.93, 3049.21, 1804.71, 3138.88, 857.39, 1800.36, 2711.03, 1278.37, 1002.8, 2118.79, 2407.64, 2544.91, 1308.1, 3455.11, 3556.94, 547.39, 575.86, 3209.21, 1065.89, 2694.01, 1919.06, 3310.11, 3765.53, 2321.45, 1522.55, 2563.83, 2587.54, 1594.34, 2966.65, 1910.07, 2325.58, 2343.08, 951.2, 1828.23, 2552.16, 1629.42, 646.47, 2068.32, 2202.44, 1656.49, 1530.46, 1871.95, 1912.58, 2078.01, 2257.46, 1014.05, 2009.97, 833.81, 2901.32, 2727.67, 1326.6, 2528.24, 2234.79, 3491.18, 1012.31, 589.88, 403.02, 1914.87, 3393.24, 2326.92, 211.1, 3791.74, 2224.6, 176.32, 494.27, 2365.22, 3317.44]\n",
      "[0, 2233.32, 932.07, 2738.52, 223.97, 3180.46, 0, 1281.91, 2545.38, 1792.84, 2668.07, 2926.73, 2001.89, 1054.76, 553.83, 257.75, 997.99, 1441.98, 1369.48, 1799.35, 2195.89, 2297.55, 1720.95, 1767.49, 1380.05, 1800.74, 2735.98, 1572.37, 2872.8, 2456.54, 2394.26, 1058.8, 2283.98, 277.63, 1487.66, 1464.66, 1531.87, 1845.18, 2178.03, 3182.71, 3084.12, 1591.49, 717.06, 935.29, 2025.44, 1456.78, 1862.25, 2261.4, 933.41, 2412.16, 1016.48, 962.17, 1217.54, 3152.42, 1387.29, 1383.47, 2723.31, 1258.28, 1301.41, 2356.07, 863.65, 1453.55, 2909.8, 1029.85, 468.92, 2180.72, 735.57, 3351.03, 2649.01, 2678.58, 3279.97, 1806.15, 1789.73, 3064.18, 886.49, 2420.16, 2493.13, 1191.83, 1187.01, 2370.46, 2218.29, 2509.55, 552.38, 274.65, 1277.51, 3004.05, 2399.9, 631.02, 1696.46, 735.43, 2185.49, 2820.16, 1754.33, 2976.37, 1268.97, 2300.66, 1651.61, 2650.01, 2168.38, 2553.0, 2725.66, 2606.39, 1827.52, 1047.17, 1535.78, 1238.3, 895.23, 1968.54, 2230.54, 874.49, 774.37, 2789.74, 400.56, 2447.84, 683.01, 1632.0, 1232.56, 3003.52, 714.29, 1666.24, 640.02, 640.01, 3032.76, 2516.47, 2250.19, 618.71, 1096.41, 2287.5, 570.11, 2824.19, 1985.72, 1089.77, 3125.49, 688.43, 2395.91, 1915.5, 2411.01, 1703.64, 2375.42, 1679.49, 934.86, 2046.77, 2689.5, 1431.11, 1529.11, 825.03, 1947.23, 431.06, 1784.45, 3267.22, 2619.61, 1790.82, 2170.33, 1383.35, 1446.94, 1073.29, 855.41, 1254.68, 2856.37, 951.09, 1562.97, 1910.78, 1634.25, 1379.5, 1122.08, 866.1, 2301.37, 2286.03, 687.25, 1552.14, 3143.25, 1646.18, 1412.85, 1807.77, 2078.38, 2258.55, 1431.84, 1351.25, 1077.79, 2401.72, 1298.3, 2350.21, 354.9, 953.64, 1940.3, 859.78, 950.98, 1107.89, 2317.22, 2934.76, 2976.73, 1458.6, 1466.1, 1677.89, 2999.59, 953.4, 971.02, 3300.53, 3311.55, 1032.9, 1860.31]\n",
      "[0, 1130.63, 1479.72, 1678.96, 1078.89, 1898.64, 1281.91, 0, 1619.8, 617.6, 1436.55, 1850.24, 984.16, 1662.51, 1202.93, 1516.28, 1308.33, 1823.7, 1478.8, 1921.32, 914.07, 1103.84, 1053.36, 1080.51, 1360.2, 611.3, 1460.69, 567.66, 1914.5, 1520.08, 1112.62, 1963.78, 1374.19, 1412.6, 294.24, 773.98, 1795.48, 618.06, 899.4, 1920.76, 1812.4, 1976.73, 1405.0, 543.66, 2257.87, 1732.17, 668.92, 1112.85, 1864.2, 1141.39, 862.36, 2122.94, 313.03, 1918.1, 424.59, 978.79, 1461.59, 266.31, 81.71, 1504.91, 433.53, 676.47, 1631.5, 1837.16, 1278.15, 958.79, 809.65, 2070.56, 1397.01, 1397.21, 2022.22, 814.33, 536.68, 1890.54, 467.02, 1140.0, 1638.38, 1231.79, 1665.25, 1150.28, 936.48, 1311.32, 1503.0, 1049.17, 31.14, 1846.12, 1131.66, 659.92, 954.4, 622.05, 1031.93, 1878.97, 1924.8, 1891.68, 424.7, 1219.8, 1786.49, 1763.83, 1171.03, 1644.28, 1457.35, 1334.66, 2061.5, 1102.11, 1035.92, 1351.39, 1037.63, 1074.19, 981.06, 1476.43, 1570.29, 1524.3, 1662.02, 1229.33, 673.81, 493.39, 400.13, 1730.15, 921.05, 1867.16, 1255.68, 1699.3, 1888.25, 1309.19, 1010.97, 1223.86, 1792.82, 1037.62, 1803.07, 1881.62, 2107.43, 647.31, 1843.85, 738.66, 1114.99, 1883.4, 1521.94, 1819.19, 1106.76, 757.43, 1033.57, 858.66, 1506.82, 785.51, 1151.32, 756.11, 715.07, 1580.23, 2147.0, 2011.55, 1341.44, 1916.67, 910.71, 1289.22, 560.12, 1641.97, 1932.46, 812.12, 1827.05, 878.23, 1324.3, 867.58, 1656.65, 427.67, 716.03, 471.5, 1041.76, 1414.89, 683.77, 275.07, 1901.94, 965.06, 832.41, 799.9, 1033.81, 1411.45, 502.2, 641.78, 550.0, 1199.09, 436.06, 1068.79, 1019.47, 1061.43, 729.37, 771.99, 348.17, 1799.49, 1093.48, 1683.96, 1706.85, 572.5, 1877.66, 1207.54, 1718.42, 1980.63, 356.81, 2019.58, 2049.29, 666.97, 2027.79]\n",
      "[0, 580.68, 3056.21, 369.41, 2325.0, 1742.22, 2545.38, 1619.8, 0, 1042.57, 952.5, 516.57, 636.39, 3239.92, 2713.71, 2801.98, 2910.9, 3438.8, 3098.45, 3534.59, 1354.54, 800.71, 2544.08, 2554.23, 2977.1, 1062.06, 1678.51, 1070.46, 327.88, 99.74, 1426.4, 3476.33, 263.01, 2778.18, 1328.75, 1081.0, 3415.15, 1706.3, 1271.26, 1376.2, 1417.1, 3593.95, 2939.81, 2144.36, 3873.99, 3351.22, 1025.37, 2064.07, 3361.76, 1181.33, 2479.5, 3504.16, 1925.71, 1175.25, 1973.63, 2573.99, 1810.57, 1437.42, 1679.32, 222.09, 1812.7, 1103.91, 1712.55, 3375.42, 2752.63, 1804.17, 1811.47, 1732.69, 1068.82, 1523.58, 1402.85, 811.53, 1617.85, 866.65, 1732.92, 1483.25, 156.6, 2851.43, 3265.22, 1881.43, 1391.06, 2030.19, 2963.34, 2425.18, 1648.44, 778.95, 1157.09, 1995.37, 2431.16, 2150.09, 729.54, 275.36, 3541.53, 568.56, 1343.82, 489.88, 3403.31, 156.54, 451.37, 41.77, 1753.92, 1667.55, 3679.8, 2717.85, 2598.49, 2970.83, 2638.66, 584.7, 1043.66, 3040.92, 3092.13, 1215.25, 2938.92, 1921.7, 1888.34, 1847.23, 2007.31, 1395.1, 2485.85, 3485.98, 2787.69, 3129.83, 755.56, 820.87, 1756.16, 2752.74, 3358.32, 1715.77, 3114.39, 279.22, 3716.35, 1457.11, 1726.28, 1861.31, 1330.31, 3477.91, 143.38, 3434.13, 1159.62, 2182.9, 2640.17, 1867.07, 739.53, 2350.61, 2730.86, 1720.76, 1072.75, 2953.63, 3766.4, 1379.1, 1585.72, 3530.37, 1110.85, 2903.22, 2091.5, 3225.81, 3365.33, 1299.12, 377.66, 2489.48, 2916.23, 753.56, 3267.78, 1981.09, 2335.18, 1760.3, 1093.0, 264.78, 1878.17, 1545.96, 1209.15, 2471.07, 1136.81, 2127.08, 597.44, 302.0, 1185.28, 2220.91, 1483.46, 1962.24, 1314.66, 1342.73, 2442.28, 2669.53, 1771.87, 2368.58, 1891.85, 3366.49, 1845.76, 1159.88, 1340.16, 2099.29, 3491.58, 2751.59, 1550.01, 3441.72, 1929.94, 1716.65, 1459.58, 1513.0, 3642.67]\n",
      "[0, 515.2, 2096.85, 1063.53, 1572.47, 1499.72, 1792.84, 617.6, 1042.57, 0, 876.95, 1232.83, 420.03, 2279.86, 1805.05, 2044.12, 1924.9, 2433.53, 2075.76, 2499.85, 595.61, 506.91, 1507.19, 1520.15, 1947.77, 30.15, 1156.75, 293.96, 1316.14, 944.01, 784.02, 2571.57, 822.25, 1968.43, 330.0, 620.79, 2396.31, 715.67, 528.56, 1407.3, 1328.44, 2583.77, 2015.02, 1161.21, 2841.29, 2336.01, 73.76, 1173.48, 2467.97, 683.23, 1473.4, 2695.3, 902.59, 1360.24, 932.64, 1534.83, 1220.06, 535.41, 661.4, 970.28, 941.28, 532.2, 1292.36, 2449.71, 1869.99, 927.48, 1149.8, 1627.55, 870.9, 1041.16, 1498.87, 329.24, 613.29, 1288.77, 906.37, 834.88, 1090.49, 1834.83, 2281.8, 1074.36, 635.94, 1249.06, 2093.27, 1598.56, 641.81, 1238.37, 663.62, 1167.52, 1395.13, 1220.15, 416.06, 1286.4, 2510.24, 1274.08, 547.27, 606.88, 2372.5, 1194.81, 593.62, 1072.5, 1189.84, 1065.19, 2650.83, 1713.52, 1555.94, 1955.02, 1654.85, 582.49, 466.9, 2092.24, 2178.25, 1027.39, 2190.3, 1141.09, 1115.56, 813.17, 978.7, 1254.54, 1534.74, 2458.67, 1864.05, 2282.53, 1277.06, 724.22, 921.1, 1831.18, 2409.32, 909.14, 2347.15, 1288.56, 2678.65, 817.66, 1453.12, 1136.8, 734.32, 2436.51, 966.98, 2401.07, 642.55, 1150.46, 1649.82, 929.08, 906.7, 1308.48, 1688.84, 1063.82, 194.49, 2142.39, 2748.61, 1484.35, 1029.56, 2495.98, 434.61, 1870.98, 1048.95, 2259.56, 2518.86, 827.31, 1214.52, 1493.44, 1875.29, 309.7, 2232.19, 940.4, 1314.57, 927.02, 550.97, 879.21, 1115.27, 503.39, 1352.87, 1431.58, 726.26, 1112.12, 445.25, 889.42, 413.76, 1180.85, 771.42, 1149.62, 522.23, 704.96, 1587.09, 1677.19, 807.08, 1389.58, 943.33, 2416.14, 1022.22, 1151.04, 1218.96, 1056.72, 2488.39, 1709.8, 1295.51, 2575.57, 965.5, 1583.22, 1535.09, 871.66, 2609.08]\n",
      "[0, 582.07, 2886.17, 664.69, 2448.64, 805.45, 2668.07, 1436.55, 952.5, 876.95, 0, 708.83, 834.2, 3064.23, 2638.35, 2917.6, 2689.07, 3153.0, 2766.11, 3132.75, 669.48, 389.34, 2023.23, 2017.01, 2621.83, 867.55, 753.05, 1133.03, 1007.12, 907.24, 614.95, 3393.34, 946.88, 2834.33, 1184.92, 1388.04, 3087.12, 1158.94, 620.92, 550.84, 518.12, 3289.84, 2833.96, 1960.61, 3475.13, 3037.29, 806.23, 1317.36, 3297.46, 385.65, 2225.02, 3555.04, 1658.67, 484.81, 1611.46, 2180.44, 897.83, 1409.82, 1453.11, 1071.85, 1810.27, 1332.9, 763.1, 3259.68, 2714.6, 1084.26, 2019.31, 845.7, 129.32, 601.11, 631.05, 975.16, 1119.49, 515.14, 1782.16, 657.37, 1097.1, 2549.55, 3039.43, 1085.09, 684.51, 1195.42, 2939.42, 2465.18, 1452.82, 511.41, 376.09, 2039.92, 1913.79, 2058.51, 533.88, 1023.54, 3158.4, 715.55, 1419.4, 594.42, 3026.49, 1080.93, 796.84, 993.99, 836.3, 775.9, 3304.23, 2457.57, 2149.31, 2667.02, 2431.06, 1014.15, 458.52, 2891.38, 3000.91, 264.37, 3064.03, 1099.57, 1992.46, 1386.54, 1713.2, 470.75, 2347.61, 3122.98, 2687.15, 3134.63, 574.68, 182.04, 1005.97, 2656.38, 3201.41, 949.25, 3217.73, 1022.07, 3289.76, 1671.88, 782.42, 2012.54, 524.17, 3020.8, 1003.11, 3044.74, 396.59, 1670.37, 2417.77, 1205.59, 232.23, 1935.63, 2293.79, 1930.75, 726.09, 3006.26, 3433.41, 614.27, 684.51, 3130.72, 537.34, 2537.0, 1685.01, 3038.03, 3368.61, 1629.71, 806.36, 2260.02, 2486.74, 859.15, 2868.95, 1621.34, 2045.43, 1802.01, 416.08, 1022.8, 1992.21, 1218.26, 475.94, 1974.29, 1489.95, 1562.28, 757.56, 1066.52, 1271.07, 1844.34, 1638.7, 1158.81, 1392.63, 562.49, 2446.7, 2441.34, 1166.92, 2182.2, 1782.85, 3206.89, 1068.7, 287.09, 419.15, 1686.81, 3210.41, 2262.87, 603.51, 3416.96, 1792.96, 815.84, 673.37, 1729.03, 3244.58]\n",
      "[0, 721.5, 3328.1, 189.71, 2702.99, 1386.18, 2926.73, 1850.24, 516.57, 1232.83, 708.83, 0, 925.99, 3511.47, 3021.27, 3184.39, 3157.62, 3661.7, 3295.04, 3700.18, 1311.86, 796.16, 2633.39, 2634.37, 3160.78, 1241.07, 1454.39, 1369.84, 355.81, 554.42, 1307.46, 3789.93, 708.88, 3138.55, 1559.14, 1481.31, 3617.25, 1759.79, 1242.01, 959.44, 1041.64, 3809.43, 3237.88, 2393.58, 4043.77, 3559.63, 1186.84, 2004.3, 3681.91, 1059.84, 2704.05, 3870.41, 2130.1, 730.99, 2133.65, 2732.26, 1602.43, 1726.46, 1892.94, 732.61, 2129.16, 1475.85, 1436.23, 3674.35, 3076.02, 1757.96, 2207.76, 1325.52, 837.8, 1305.93, 959.34, 1122.5, 1693.86, 388.66, 2067.31, 1355.44, 663.85, 3059.69, 3514.48, 1782.77, 1337.96, 1901.65, 3295.26, 2773.85, 1874.64, 307.53, 1042.25, 2336.2, 2520.57, 2439.62, 823.66, 400.28, 3716.92, 53.85, 1670.43, 638.25, 3580.71, 554.1, 760.38, 542.26, 1539.9, 1484.6, 3860.24, 2943.89, 2728.05, 3179.8, 2887.67, 979.69, 1020.25, 3321.6, 3398.25, 928.47, 3326.33, 1803.09, 2249.05, 1952.68, 2201.53, 1045.34, 2762.82, 3671.21, 3085.85, 3474.98, 261.96, 674.99, 1688.56, 3052.14, 3639.38, 1636.01, 3496.01, 396.59, 3870.26, 1843.69, 1384.49, 2238.74, 1211.33, 3613.38, 648.17, 3605.33, 1055.6, 2270.06, 2882.48, 1859.62, 483.66, 2493.62, 2868.9, 2115.17, 1177.95, 3314.93, 3969.08, 935.18, 1392.86, 3697.08, 1104.79, 3080.41, 2232.68, 3491.84, 3712.32, 1719.81, 156.26, 2725.81, 3060.82, 1024.78, 3432.47, 2142.54, 2540.08, 2092.69, 1028.8, 748.64, 2242.31, 1704.57, 775.06, 2572.63, 1557.25, 2183.51, 852.59, 794.21, 1505.06, 2380.6, 1848.94, 1859.01, 1640.43, 1241.37, 2777.43, 2909.68, 1795.32, 2621.98, 2166.33, 3646.46, 1760.95, 802.61, 992.39, 2237.61, 3717.19, 2861.9, 1223.63, 3778.49, 2193.52, 1321.21, 1016.82, 1902.34, 3811.12]\n",
      "[0, 262.86, 2435.43, 739.43, 1777.99, 1598.69, 2001.89, 984.16, 636.39, 420.03, 834.2, 925.99, 0, 2619.39, 2108.78, 2259.38, 2281.94, 2805.8, 2462.38, 2898.51, 883.53, 468.02, 1926.55, 1939.98, 2340.72, 443.9, 1363.74, 450.56, 933.64, 536.66, 1025.0, 2876.45, 403.07, 2212.77, 692.41, 584.13, 2779.63, 1124.11, 800.19, 1381.55, 1348.75, 2960.01, 2330.31, 1513.88, 3237.68, 2716.23, 421.34, 1547.81, 2765.73, 833.07, 1845.3, 2944.55, 1289.32, 1265.68, 1341.34, 1939.62, 1462.19, 816.41, 1042.94, 550.28, 1210.03, 558.46, 1459.82, 2767.25, 2157.61, 1291.13, 1290.09, 1673.53, 889.5, 1221.89, 1452.14, 196.57, 1025.85, 1092.14, 1143.19, 1083.03, 671.68, 2215.95, 2637.61, 1410.48, 925.2, 1578.15, 2374.64, 1848.91, 1012.53, 1021.83, 807.49, 1411.69, 1814.72, 1533.86, 316.08, 895.68, 2905.16, 974.92, 746.08, 305.1, 2766.94, 783.76, 187.22, 662.62, 1418.34, 1305.29, 3043.43, 2084.31, 1968.98, 2335.54, 2009.64, 209.24, 620.63, 2423.58, 2487.26, 1063.95, 2401.95, 1467.16, 1323.11, 1233.2, 1371.07, 1292.07, 1865.47, 2849.65, 2177.86, 2551.45, 1041.9, 652.22, 1265.53, 2143.46, 2741.79, 1239.8, 2570.65, 898.46, 3080.9, 925.74, 1563.15, 1314.79, 945.66, 2844.81, 549.23, 2797.88, 796.55, 1570.49, 2009.55, 1319.28, 752.02, 1719.49, 2099.11, 1197.52, 506.85, 2389.17, 3131.15, 1432.76, 1245.29, 2894.25, 649.0, 2266.97, 1462.4, 2603.27, 2788.67, 830.67, 869.5, 1857.25, 2282.9, 117.24, 2631.9, 1348.5, 1699.0, 1169.04, 702.29, 459.31, 1316.55, 918.63, 1274.91, 1850.03, 677.01, 1529.92, 82.68, 471.4, 581.0, 1587.43, 924.39, 1490.15, 716.07, 936.03, 1855.01, 2038.5, 1206.5, 1739.95, 1267.96, 2749.52, 1364.34, 1119.01, 1244.65, 1470.83, 2859.09, 2126.01, 1387.68, 2857.21, 1302.5, 1639.1, 1499.32, 984.84, 3006.44]\n",
      "[0, 2790.41, 183.97, 3337.28, 1160.54, 3344.34, 1054.76, 1662.51, 3239.92, 2279.86, 3064.23, 3511.47, 2619.39, 0, 572.66, 965.17, 385.66, 410.48, 564.16, 828.07, 2446.42, 2759.83, 1366.52, 1407.37, 683.39, 2273.77, 2861.4, 2171.81, 3551.37, 3141.94, 2605.66, 431.34, 2981.15, 805.45, 1952.33, 2212.78, 540.01, 1971.56, 2466.0, 3489.73, 3357.26, 544.1, 349.36, 1118.94, 988.53, 478.22, 2330.86, 2185.84, 421.88, 2721.43, 843.94, 881.78, 1406.19, 3530.8, 1467.53, 1023.29, 2793.38, 1804.14, 1626.6, 3090.01, 1435.62, 2158.81, 3041.88, 265.24, 601.64, 2228.83, 1601.84, 3553.4, 3002.59, 2861.05, 3597.2, 2431.55, 1973.54, 3542.69, 1528.65, 2608.04, 3229.29, 606.93, 169.57, 2384.53, 2451.33, 2465.06, 529.14, 954.86, 1639.42, 3503.09, 2718.97, 1294.35, 1415.56, 1090.24, 2694.38, 3509.74, 766.55, 3553.63, 1899.72, 2877.23, 705.03, 3371.61, 2805.35, 3258.4, 2819.33, 2725.38, 804.05, 628.43, 1145.86, 533.97, 633.23, 2661.52, 2606.91, 206.52, 297.32, 3099.51, 983.52, 2447.55, 1432.49, 1721.76, 1352.07, 3272.1, 754.3, 679.07, 480.94, 598.08, 3547.59, 2956.16, 2319.57, 515.71, 144.31, 2374.97, 926.17, 3512.9, 988.37, 1861.85, 3285.68, 1500.43, 2646.49, 1007.62, 3124.65, 755.68, 2694.44, 1556.97, 647.43, 2069.24, 3160.4, 1233.04, 1041.45, 1665.05, 2365.46, 756.48, 732.98, 3590.96, 2772.96, 819.07, 2526.9, 751.04, 1427.72, 45.49, 651.81, 2073.14, 3481.27, 804.49, 938.14, 2507.15, 768.6, 1457.35, 1029.35, 1500.42, 2651.08, 3006.15, 1449.73, 1847.21, 3506.72, 1340.94, 2202.15, 1706.18, 2679.22, 2991.26, 2054.97, 1267.02, 1801.29, 2380.47, 1928.11, 2596.85, 890.67, 625.63, 2019.6, 890.91, 1351.48, 146.84, 2345.97, 3281.54, 3262.17, 1430.98, 421.54, 1182.71, 3208.15, 594.0, 1319.47, 3498.37, 3613.5, 1820.3, 858.61]\n",
      "[0, 2301.46, 411.69, 2840.91, 604.69, 3023.75, 553.83, 1202.93, 2713.71, 1805.05, 2638.35, 3021.27, 2108.78, 572.66, 0, 585.31, 444.21, 916.67, 815.99, 1249.61, 2070.03, 2303.78, 1282.81, 1329.57, 835.01, 1803.73, 2551.8, 1658.23, 3031.96, 2617.5, 2250.59, 768.67, 2452.05, 400.82, 1475.45, 1662.7, 989.85, 1637.75, 2073.76, 3106.29, 2986.99, 1074.01, 231.91, 691.1, 1492.77, 913.71, 1863.82, 1964.2, 662.92, 2325.61, 581.29, 955.16, 1009.38, 3117.85, 1129.14, 920.78, 2509.72, 1295.29, 1186.57, 2552.22, 901.41, 1617.23, 2732.11, 662.07, 121.24, 1942.91, 1029.53, 3217.39, 2593.08, 2524.38, 3210.56, 1915.62, 1612.48, 3090.55, 983.25, 2263.85, 2691.92, 652.49, 669.79, 2120.43, 2082.86, 2233.81, 318.03, 388.86, 1185.65, 3042.94, 2318.96, 733.5, 1285.4, 584.93, 2220.41, 2986.86, 1207.76, 3066.29, 1370.43, 2383.06, 1100.43, 2838.97, 2291.44, 2729.35, 2524.45, 2416.32, 1290.21, 526.51, 1074.18, 687.45, 392.7, 2130.22, 2181.12, 367.98, 378.73, 2709.85, 681.87, 2192.49, 866.07, 1394.6, 983.96, 2902.75, 313.34, 1120.71, 95.13, 522.81, 3082.09, 2511.71, 2025.49, 66.21, 662.87, 2073.35, 738.2, 2990.29, 1438.88, 1301.92, 2966.06, 929.89, 2274.66, 1361.68, 2592.37, 1152.12, 2293.97, 1336.53, 433.1, 1791.41, 2706.93, 1036.91, 1036.05, 1094.49, 1917.89, 488.94, 1269.38, 3201.47, 2448.35, 1241.23, 2107.38, 848.01, 1139.69, 576.6, 742.41, 1509.14, 2977.73, 514.39, 1037.39, 2001.17, 1080.62, 1119.41, 743.59, 955.39, 2236.99, 2471.21, 882.39, 1431.32, 3099.65, 1222.62, 1644.12, 1481.31, 2174.58, 2453.01, 1531.88, 1003.21, 1248.55, 2134.79, 1399.88, 2225.7, 318.57, 442.19, 1710.92, 500.85, 862.16, 672.63, 2073.27, 2878.74, 2885.29, 1147.89, 948.95, 1190.53, 2864.93, 779.59, 846.13, 3163.82, 3233.61, 1257.39, 1315.61]\n",
      "[0, 2489.77, 881.85, 2996.23, 481.41, 3411.29, 257.75, 1516.28, 2801.98, 2044.12, 2917.6, 3184.39, 2259.38, 965.17, 585.31, 0, 1005.92, 1372.07, 1373.05, 1764.08, 2429.39, 2549.87, 1846.62, 1893.57, 1411.76, 2051.12, 2959.59, 1828.42, 3129.53, 2713.52, 2625.21, 875.0, 2540.85, 185.69, 1734.43, 1721.59, 1483.27, 2058.38, 2415.34, 3427.37, 3325.49, 1509.02, 668.68, 1121.54, 1953.55, 1411.86, 2112.74, 2451.2, 752.37, 2653.34, 1134.58, 711.25, 1422.21, 3402.29, 1581.11, 1492.32, 2939.76, 1508.82, 1529.27, 2611.32, 1108.54, 1711.28, 3135.43, 880.0, 469.2, 2388.21, 991.0, 3586.71, 2895.32, 2908.49, 3525.78, 2063.54, 2009.78, 3319.26, 1138.7, 2648.65, 2747.97, 1234.71, 1117.98, 2575.53, 2450.07, 2707.55, 436.11, 471.15, 1509.45, 3259.83, 2641.91, 877.71, 1836.1, 936.86, 2439.9, 3076.59, 1711.08, 3233.97, 1524.78, 2557.74, 1623.54, 2905.32, 2426.12, 2809.19, 2945.2, 2828.15, 1765.47, 1111.55, 1646.48, 1257.24, 972.41, 2225.93, 2476.44, 818.06, 668.35, 3033.06, 146.54, 2651.74, 938.99, 1835.12, 1426.31, 3244.13, 832.98, 1622.03, 647.02, 444.84, 3289.1, 2768.26, 2461.64, 638.69, 974.15, 2501.91, 312.58, 3080.64, 1940.02, 1347.15, 3355.63, 946.18, 2631.15, 1906.64, 2667.1, 1676.15, 2617.26, 1848.47, 1013.21, 2248.39, 2943.5, 1575.96, 1618.21, 1081.24, 2194.57, 228.88, 1695.32, 3513.5, 2845.69, 1755.23, 2414.14, 1430.8, 1626.0, 993.0, 630.77, 1508.9, 3114.07, 1066.61, 1622.09, 2167.71, 1632.59, 1572.61, 1268.2, 1117.25, 2545.47, 2542.07, 943.91, 1782.0, 3392.08, 1779.12, 1668.11, 1984.15, 2335.68, 2514.08, 1688.18, 1514.06, 1335.44, 2601.93, 1554.23, 2584.66, 523.33, 1025.17, 2148.49, 1004.29, 1176.52, 985.8, 2523.75, 3181.69, 3218.75, 1636.65, 1386.65, 1771.83, 3234.28, 738.61, 1189.46, 3535.54, 3556.23, 1290.07, 1811.29]\n",
      "[0, 2438.9, 236.1, 2987.29, 1028.58, 2958.75, 997.99, 1308.33, 2910.9, 1924.9, 2689.07, 3157.62, 2281.94, 385.66, 444.21, 1005.92, 0, 544.45, 372.09, 814.83, 2064.3, 2394.41, 1008.73, 1052.11, 411.13, 1916.73, 2475.9, 1840.54, 3215.57, 2811.9, 2221.23, 788.73, 2656.03, 821.2, 1601.71, 1918.1, 575.78, 1586.8, 2086.05, 3106.77, 2973.19, 706.34, 362.17, 768.3, 1085.02, 499.81, 1972.11, 1806.37, 740.33, 2341.33, 464.11, 1166.67, 1035.72, 3152.03, 1085.39, 652.13, 2408.98, 1474.73, 1265.35, 2772.86, 1137.75, 1853.7, 2656.44, 627.09, 543.0, 1843.68, 1380.84, 3167.76, 2624.17, 2475.56, 3214.49, 2099.44, 1591.1, 3173.45, 1240.8, 2222.98, 2910.96, 260.45, 356.93, 2000.96, 2068.31, 2085.22, 621.49, 807.53, 1283.22, 3136.58, 2339.56, 1040.48, 1046.53, 784.78, 2336.28, 3176.81, 779.63, 3198.22, 1585.45, 2528.04, 663.45, 3047.84, 2468.99, 2931.82, 2434.33, 2339.84, 878.17, 242.92, 786.48, 252.04, 272.33, 2340.54, 2233.19, 279.35, 476.6, 2717.77, 1076.81, 2064.92, 1186.88, 1337.24, 976.03, 2888.03, 453.63, 695.88, 363.16, 784.97, 3182.89, 2586.22, 1934.2, 380.09, 529.4, 1989.44, 1083.79, 3179.74, 1008.31, 1589.39, 2900.09, 1268.55, 2263.44, 917.51, 2801.73, 714.09, 2315.18, 1174.54, 275.22, 1684.23, 2792.61, 850.48, 701.67, 1428.9, 1999.21, 855.29, 896.13, 3208.58, 2387.31, 806.77, 2152.0, 446.75, 1042.24, 353.13, 928.81, 1806.51, 3134.92, 432.78, 645.29, 2167.42, 636.48, 1075.24, 646.88, 1212.98, 2274.53, 2686.48, 1206.39, 1475.66, 3126.96, 973.46, 1920.73, 1324.13, 2337.39, 2675.16, 1732.73, 881.37, 1517.13, 1998.66, 1612.37, 2213.81, 722.34, 248.97, 1633.96, 542.33, 1020.97, 532.46, 1961.69, 2901.43, 2878.77, 1045.4, 591.34, 853.11, 2822.71, 907.38, 980.97, 3112.72, 3230.07, 1555.2, 889.87]\n",
      "[0, 2948.69, 510.93, 3496.68, 1521.22, 3335.3, 1441.98, 1823.7, 3438.8, 2433.53, 3153.0, 3661.7, 2805.8, 410.48, 916.67, 1372.07, 544.45, 0, 400.98, 434.22, 2504.28, 2883.75, 1267.98, 1300.18, 554.2, 2422.74, 2852.9, 2370.55, 3737.95, 3339.37, 2640.98, 743.5, 3186.88, 1206.39, 2117.83, 2460.91, 159.67, 2012.1, 2537.05, 3532.47, 3390.26, 162.27, 724.95, 1295.73, 584.23, 143.89, 2475.33, 2130.64, 784.39, 2789.17, 961.38, 1237.67, 1531.88, 3600.24, 1543.62, 990.14, 2765.87, 2007.75, 1772.52, 3307.5, 1681.5, 2394.48, 3029.59, 604.19, 975.53, 2220.63, 1915.9, 3553.95, 3077.04, 2874.72, 3641.35, 2627.79, 2035.9, 3650.77, 1785.13, 2634.21, 3444.81, 604.73, 255.79, 2353.77, 2502.29, 2406.71, 936.28, 1304.85, 1796.61, 3620.03, 2790.53, 1581.77, 1344.98, 1328.71, 2838.05, 3701.45, 366.29, 3700.06, 2124.32, 3040.07, 341.34, 3578.63, 2993.0, 3461.19, 2800.04, 2719.74, 393.88, 721.65, 1068.25, 486.12, 809.02, 2874.35, 2704.7, 567.53, 706.77, 3154.08, 1393.99, 2407.77, 1727.22, 1770.76, 1460.71, 3305.68, 997.64, 284.25, 821.76, 1004.86, 3669.71, 3064.88, 2314.34, 851.8, 457.56, 2373.74, 1332.46, 3704.21, 580.0, 2133.78, 3276.84, 1806.08, 2695.02, 640.39, 3333.47, 383.86, 2766.98, 1538.24, 801.96, 2061.54, 3274.93, 1231.47, 933.77, 1968.12, 2489.89, 1166.66, 355.68, 3637.77, 2778.76, 425.41, 2620.81, 641.33, 1470.02, 379.25, 1024.89, 2350.77, 3647.89, 949.46, 772.32, 2689.96, 464.69, 1533.96, 1121.86, 1757.35, 2737.0, 3220.12, 1746.33, 1961.19, 3570.94, 1270.11, 2464.96, 1679.28, 2857.44, 3210.45, 2267.94, 1309.17, 2061.44, 2335.83, 2150.65, 2646.05, 1228.65, 771.71, 2038.08, 1076.47, 1556.87, 448.45, 2323.17, 3345.05, 3302.54, 1469.35, 58.14, 1041.56, 3220.34, 943.53, 1513.2, 3498.51, 3651.33, 2099.19, 450.44]\n",
      "[0, 2589.15, 522.55, 3134.85, 1389.51, 2934.33, 1369.48, 1478.8, 3098.45, 2075.76, 2766.11, 3295.04, 2462.38, 564.16, 815.99, 1373.05, 372.09, 400.98, 0, 474.65, 2111.85, 2509.58, 871.28, 905.49, 153.38, 2062.76, 2451.99, 2039.37, 3388.99, 2998.71, 2244.02, 991.25, 2852.33, 1189.58, 1770.15, 2165.0, 322.6, 1618.13, 2147.61, 3135.24, 2991.91, 524.38, 712.16, 979.62, 789.01, 272.18, 2112.72, 1730.98, 984.65, 2398.02, 630.5, 1441.42, 1174.73, 3207.63, 1164.4, 592.0, 2365.05, 1685.9, 1420.21, 2979.85, 1402.19, 2089.45, 2628.61, 827.02, 914.25, 1820.02, 1699.53, 3153.12, 2686.65, 2474.92, 3244.2, 2291.98, 1646.88, 3268.25, 1511.74, 2236.0, 3114.96, 253.4, 419.32, 1952.91, 2108.42, 2007.76, 969.89, 1169.11, 1450.02, 3240.51, 2400.29, 1347.53, 944.93, 1060.35, 2472.38, 3355.55, 458.7, 3331.63, 1815.42, 2682.22, 324.6, 3242.52, 2648.84, 3123.08, 2399.08, 2318.95, 586.37, 412.29, 667.71, 146.6, 548.48, 2546.94, 2322.19, 585.73, 784.47, 2759.31, 1435.28, 2007.29, 1494.75, 1380.32, 1097.08, 2907.49, 766.13, 391.09, 734.82, 1107.68, 3291.87, 2684.41, 1913.8, 752.16, 687.38, 1973.36, 1423.96, 3358.06, 671.68, 1865.39, 2875.88, 1583.2, 2300.13, 547.12, 2999.92, 368.76, 2377.06, 1138.06, 524.43, 1661.12, 2895.67, 835.5, 535.7, 1736.99, 2118.38, 1209.02, 674.04, 3241.02, 2378.48, 467.82, 2237.47, 240.35, 1081.1, 518.68, 1207.04, 2083.51, 3288.89, 639.62, 390.24, 2345.46, 264.88, 1155.11, 763.45, 1485.31, 2350.74, 2890.71, 1515.24, 1590.5, 3177.31, 869.84, 2181.76, 1278.43, 2508.93, 2884.64, 1947.95, 922.94, 1783.65, 1935.6, 1839.68, 2251.42, 1081.03, 493.87, 1640.26, 783.8, 1249.24, 683.91, 1922.19, 2951.66, 2905.25, 1079.38, 458.92, 654.0, 2820.19, 1157.31, 1198.7, 3097.67, 3253.33, 1838.48, 568.18]\n",
      "[0, 3007.58, 882.34, 3547.56, 1843.26, 3208.97, 1799.35, 1921.32, 3534.59, 2499.85, 3132.75, 3700.18, 2898.51, 828.07, 1249.61, 1764.08, 814.83, 434.22, 474.65, 0, 2466.26, 2906.67, 1132.55, 1151.5, 563.69, 2484.33, 2736.13, 2487.43, 3815.96, 3434.94, 2575.31, 1176.24, 3294.12, 1588.69, 2207.27, 2629.91, 288.09, 1973.82, 2512.07, 3457.12, 3306.85, 389.4, 1097.56, 1444.68, 343.74, 353.74, 2530.55, 1986.0, 1218.24, 2754.12, 1095.75, 1671.7, 1610.61, 3552.15, 1570.43, 968.4, 2631.28, 2141.87, 1856.92, 3426.23, 1873.99, 2551.21, 2905.25, 1038.29, 1331.92, 2122.19, 2173.21, 3434.27, 3042.94, 2780.64, 3565.93, 2735.28, 2019.62, 3643.4, 1984.15, 2559.06, 3559.38, 724.09, 660.11, 2227.01, 2457.02, 2249.43, 1334.66, 1622.24, 1891.46, 3622.67, 2759.5, 1821.92, 1232.75, 1534.51, 2883.34, 3785.72, 73.78, 3733.87, 2276.78, 3102.19, 152.32, 3681.77, 3083.38, 3561.07, 2673.23, 2609.05, 189.93, 886.45, 983.47, 621.0, 1022.06, 2995.02, 2703.72, 946.04, 1114.66, 3097.42, 1801.42, 2269.85, 1969.21, 1753.97, 1527.55, 3224.24, 1238.27, 150.47, 1159.89, 1426.0, 3677.32, 3067.72, 2215.71, 1183.55, 891.04, 2277.35, 1754.01, 3787.98, 197.09, 2337.74, 3151.67, 2057.23, 2641.89, 229.84, 3441.97, 106.1, 2737.56, 1465.35, 998.97, 1969.98, 3280.24, 1207.08, 838.98, 2211.55, 2523.2, 1572.0, 381.48, 3565.22, 2678.61, 9.0, 2617.84, 632.16, 1467.53, 790.12, 1458.55, 2555.64, 3704.69, 1110.9, 646.03, 2781.28, 268.0, 1562.05, 1208.14, 1957.98, 2722.55, 3336.16, 1989.66, 2002.72, 3517.73, 1165.6, 2650.41, 1587.52, 2940.06, 3332.55, 2403.3, 1321.87, 2254.55, 2195.08, 2300.02, 2594.92, 1537.1, 968.3, 1975.27, 1256.63, 1714.69, 882.19, 2205.76, 3294.56, 3228.3, 1462.8, 453.49, 886.77, 3117.98, 1377.64, 1662.05, 3379.19, 3569.15, 2311.86, 111.83]\n",
      "[0, 783.17, 2273.84, 1203.25, 1990.51, 985.64, 2195.89, 914.07, 1354.54, 595.61, 669.48, 1311.86, 883.53, 2446.42, 2070.03, 2429.39, 2064.3, 2504.28, 2111.85, 2466.26, 0, 557.61, 1353.77, 1347.97, 1964.81, 567.61, 576.34, 882.03, 1532.49, 1272.09, 204.63, 2801.3, 1216.89, 2319.27, 754.82, 1215.3, 2430.71, 494.65, 85.09, 1043.99, 917.71, 2636.22, 2246.47, 1379.1, 2807.95, 2383.91, 535.99, 711.8, 2714.48, 287.92, 1602.49, 3014.58, 1062.24, 1096.01, 979.02, 1521.92, 625.48, 995.35, 902.12, 1371.75, 1339.4, 1123.01, 732.07, 2658.36, 2159.78, 454.37, 1652.05, 1157.89, 577.04, 487.76, 1151.0, 890.02, 473.24, 1184.12, 1346.58, 245.93, 1457.02, 1905.03, 2407.0, 533.82, 42.01, 696.32, 2382.81, 1960.45, 919.94, 1173.25, 293.82, 1570.51, 1244.35, 1513.94, 635.3, 1526.85, 2493.66, 1333.27, 1074.04, 866.97, 2363.1, 1508.85, 985.05, 1393.77, 598.9, 472.65, 2639.74, 1826.42, 1483.04, 2020.15, 1817.94, 1089.31, 311.89, 2286.04, 2414.54, 653.58, 2574.74, 585.25, 1563.48, 734.0, 1100.73, 833.12, 1764.61, 2460.89, 2106.44, 2584.66, 1232.95, 638.18, 401.66, 2078.49, 2587.18, 364.24, 2711.76, 1527.13, 2621.19, 1363.47, 931.7, 1610.25, 204.71, 2351.47, 1335.68, 2379.8, 272.9, 1001.92, 1799.91, 548.06, 844.18, 1277.1, 1627.79, 1576.4, 410.56, 2482.72, 2773.94, 1144.54, 449.53, 2464.43, 246.22, 1878.93, 1035.0, 2416.86, 2811.66, 1410.0, 1364.47, 1644.98, 1820.36, 817.67, 2203.79, 989.18, 1417.52, 1358.96, 283.3, 1290.86, 1569.32, 648.93, 1067.0, 1305.33, 1319.97, 893.06, 854.21, 1318.36, 979.87, 1197.05, 1296.61, 614.72, 1056.45, 156.26, 1924.82, 1820.83, 497.67, 1586.94, 1254.27, 2591.69, 493.45, 841.01, 818.27, 1035.14, 2562.13, 1593.56, 805.01, 2847.12, 1248.29, 1106.3, 1169.07, 1410.64, 2578.07]\n",
      "[0, 258.09, 2578.47, 661.37, 2076.17, 1130.69, 2297.55, 1103.84, 800.71, 506.91, 389.34, 796.16, 468.02, 2759.83, 2303.78, 2549.87, 2394.41, 2883.75, 2509.58, 2906.67, 557.61, 0, 1838.64, 1840.81, 2372.27, 503.24, 926.05, 746.23, 979.42, 723.11, 630.89, 3067.29, 694.1, 2475.32, 830.76, 1000.56, 2832.18, 967.16, 476.69, 938.78, 889.27, 3028.05, 2508.78, 1643.12, 3250.39, 2776.82, 441.94, 1269.4, 2966.3, 398.03, 1934.09, 3201.75, 1359.08, 861.96, 1345.35, 1939.86, 1041.48, 1041.88, 1133.48, 843.32, 1448.19, 943.63, 1003.67, 2940.76, 2372.54, 1011.23, 1634.64, 1210.52, 424.35, 776.54, 1020.37, 589.29, 898.01, 786.92, 1411.32, 688.9, 912.92, 2279.48, 2749.66, 1080.77, 592.44, 1230.5, 2596.5, 2105.45, 1124.18, 743.33, 372.24, 1674.04, 1725.59, 1719.34, 152.69, 970.82, 2925.01, 827.67, 1038.01, 322.94, 2789.48, 953.47, 486.37, 840.79, 990.69, 889.77, 3069.02, 2172.13, 1932.25, 2399.09, 2128.74, 666.63, 245.84, 2578.09, 2673.73, 598.16, 2695.88, 1121.5, 1617.56, 1156.7, 1424.47, 828.22, 2024.69, 2881.44, 2359.1, 2787.42, 788.48, 220.08, 957.98, 2326.97, 2892.95, 915.81, 2853.72, 971.27, 3075.16, 1284.13, 1095.6, 1632.62, 537.55, 2817.32, 796.04, 2812.88, 369.29, 1474.79, 2119.74, 1089.87, 403.19, 1699.61, 2073.51, 1545.25, 395.24, 2649.19, 3183.05, 1003.4, 817.09, 2903.73, 321.8, 2290.63, 1439.48, 2736.86, 3023.32, 1241.01, 823.5, 1961.73, 2265.74, 474.93, 2639.28, 1354.56, 1763.02, 1432.64, 293.4, 771.62, 1616.11, 922.77, 859.73, 1776.79, 1103.49, 1392.75, 401.29, 806.71, 885.64, 1590.22, 1254.06, 1161.55, 1010.43, 544.83, 2093.16, 2145.44, 1011.34, 1869.75, 1441.93, 2899.22, 1045.8, 675.44, 782.81, 1443.92, 2940.07, 2065.9, 919.71, 3077.81, 1459.1, 1174.23, 1062.46, 1341.64, 3017.86]\n",
